0 0 0
3.36 3.36 3.36
3.36 3.36 3.6
3.36 3.36 3.84
3.36 3.36 4.08
3.36 3.36 4.32
3.36 3.6 3.36
3.36 3.6 3.6
3.36 3.6 3.84
3.36 3.6 4.08
3.36 3.6 4.32
3.36 3.84 3.36
3.36 3.84 3.6
3.36 3.84 3.84
3.36 3.84 4.08
3.36 3.84 4.32
3.36 4.08 3.36
3.36 4.08 3.6
3.36 4.08 3.84
3.36 4.08 4.08
3.36 4.08 4.32
3.36 4.32 3.36
3.36 4.32 3.6
3.36 4.32 3.84
3.36 4.32 4.08
3.36 4.32 4.32
3.6 3.36 3.36
3.6 3.36 3.6
3.6 3.36 3.84
3.6 3.36 4.08
3.6 3.36 4.32
3.6 3.6 3.36
3.6 3.6 3.6
3.6 3.6 3.84
3.6 3.6 4.08
3.6 3.6 4.32
3.6 3.84 3.36
3.6 3.84 3.6
3.6 3.84 3.84
3.6 3.84 4.08
3.6 3.84 4.32
3.6 4.08 3.36
3.6 4.08 3.6
3.6 4.08 3.84
3.6 4.08 4.08
3.6 4.08 4.32
3.6 4.32 3.36
3.6 4.32 3.6
3.6 4.32 3.84
3.6 4.32 4.08
3.6 4.32 4.32
3.84 3.36 3.36
3.84 3.36 3.6
3.84 3.36 3.84
3.84 3.36 4.08
3.84 3.36 4.32
3.84 3.6 3.36
3.84 3.6 3.6
3.84 3.6 3.84
3.84 3.6 4.08
3.84 3.6 4.32
3.84 3.84 3.36
3.84 3.84 3.6
3.84 3.84 3.84
3.84 3.84 4.08
3.84 3.84 4.32
3.84 4.08 3.36
3.84 4.08 3.6
3.84 4.08 3.84
3.84 4.08 4.08
3.84 4.08 4.32
3.84 4.32 3.36
3.84 4.32 3.6
3.84 4.32 3.84
3.84 4.32 4.08
3.84 4.32 4.32
4.08 3.36 3.36
4.08 3.36 3.6
4.08 3.36 3.84
4.08 3.36 4.08
4.08 3.36 4.32
4.08 3.6 3.36
4.08 3.6 3.6
4.08 3.6 3.84
4.08 3.6 4.08
4.08 3.6 4.32
4.08 3.84 3.36
4.08 3.84 3.6
4.08 3.84 3.84
4.08 3.84 4.08
4.08 3.84 4.32
4.08 4.08 3.36
4.08 4.08 3.6
4.08 4.08 3.84
4.08 4.08 4.08
4.08 4.08 4.32
4.08 4.32 3.36
4.08 4.32 3.6
4.08 4.32 3.84
4.08 4.32 4.08
4.08 4.32 4.32
4.32 3.36 3.36
4.32 3.36 3.6
4.32 3.36 3.84
4.32 3.36 4.08
4.32 3.36 4.32
4.32 3.6 3.36
4.32 3.6 3.6
4.32 3.6 3.84
4.32 3.6 4.08
4.32 3.6 4.32
4.32 3.84 3.36
4.32 3.84 3.6
4.32 3.84 3.84
4.32 3.84 4.08
4.32 3.84 4.32
4.32 4.08 3.36
4.32 4.08 3.6
4.32 4.08 3.84
4.32 4.08 4.08
4.32 4.08 4.32
4.32 4.32 3.36
4.32 4.32 3.6
4.32 4.32 3.84
4.32 4.32 4.08
4.32 4.32 4.32
5.28 5.28 5.28
5.28 5.28 5.52
5.28 5.28 5.76
5.28 5.28 6
5.28 5.28 6.24
5.28 5.52 5.28
5.28 5.52 5.52
5.28 5.52 5.76
5.28 5.52 6
5.28 5.52 6.24
5.28 5.76 5.28
5.28 5.76 5.52
5.28 5.76 5.76
5.28 5.76 6
5.28 5.76 6.24
5.28 6 5.28
5.28 6 5.52
5.28 6 5.76
5.28 6 6
5.28 6 6.24
5.28 6.24 5.28
5.28 6.24 5.52
5.28 6.24 5.76
5.28 6.24 6
5.28 6.24 6.24
5.52 5.28 5.28
5.52 5.28 5.52
5.52 5.28 5.76
5.52 5.28 6
5.52 5.28 6.24
5.52 5.52 5.28
5.52 5.52 5.52
5.52 5.52 5.76
5.52 5.52 6
5.52 5.52 6.24
5.52 5.76 5.28
5.52 5.76 5.52
5.52 5.76 5.76
5.52 5.76 6
5.52 5.76 6.24
5.52 6 5.28
5.52 6 5.52
5.52 6 5.76
5.52 6 6
5.52 6 6.24
5.52 6.24 5.28
5.52 6.24 5.52
5.52 6.24 5.76
5.52 6.24 6
5.52 6.24 6.24
5.76 5.28 5.28
5.76 5.28 5.52
5.76 5.28 5.76
5.76 5.28 6
5.76 5.28 6.24
5.76 5.52 5.28
5.76 5.52 5.52
5.76 5.52 5.76
5.76 5.52 6
5.76 5.52 6.24
5.76 5.76 5.28
5.76 5.76 5.52
5.76 5.76 5.76
5.76 5.76 6
5.76 5.76 6.24
5.76 6 5.28
5.76 6 5.52
5.76 6 5.76
5.76 6 6
5.76 6 6.24
5.76 6.24 5.28
5.76 6.24 5.52
5.76 6.24 5.76
5.76 6.24 6
5.76 6.24 6.24
6 5.28 5.28
6 5.28 5.52
6 5.28 5.76
6 5.28 6
6 5.28 6.24
6 5.52 5.28
6 5.52 5.52
6 5.52 5.76
6 5.52 6
6 5.52 6.24
6 5.76 5.28
6 5.76 5.52
6 5.76 5.76
6 5.76 6
6 5.76 6.24
6 6 5.28
6 6 5.52
6 6 5.76
6 6 6
6 6 6.24
6 6.24 5.28
6 6.24 5.52
6 6.24 5.76
6 6.24 6
6 6.24 6.24
6.24 5.28 5.28
6.24 5.28 5.52
6.24 5.28 5.76
6.24 5.28 6
6.24 5.28 6.24
6.24 5.52 5.28
6.24 5.52 5.52
6.24 5.52 5.76
6.24 5.52 6
6.24 5.52 6.24
6.24 5.76 5.28
6.24 5.76 5.52
6.24 5.76 5.76
6.24 5.76 6
6.24 5.76 6.24
6.24 6 5.28
6.24 6 5.52
6.24 6 5.76
6.24 6 6
6.24 6 6.24
6.24 6.24 5.28
6.24 6.24 5.52
6.24 6.24 5.76
6.24 6.24 6
6.24 6.24 6.24
6.96 6.96 6.96
6.96 6.96 7.2
6.96 6.96 7.44
6.96 6.96 7.68
6.96 6.96 7.92
6.96 7.2 6.96
6.96 7.2 7.2
6.96 7.2 7.44
6.96 7.2 7.68
6.96 7.2 7.92
6.96 7.44 6.96
6.96 7.44 7.2
6.96 7.44 7.44
6.96 7.44 7.68
6.96 7.44 7.92
6.96 7.68 6.96
6.96 7.68 7.2
6.96 7.68 7.44
6.96 7.68 7.68
6.96 7.68 7.92
6.96 7.92 6.96
6.96 7.92 7.2
6.96 7.92 7.44
6.96 7.92 7.68
6.96 7.92 7.92
7.2 6.96 6.96
7.2 6.96 7.2
7.2 6.96 7.44
7.2 6.96 7.68
7.2 6.96 7.92
7.2 7.2 6.96
7.2 7.2 7.2
7.2 7.2 7.44
7.2 7.2 7.68
7.2 7.2 7.92
7.2 7.44 6.96
7.2 7.44 7.2
7.2 7.44 7.44
7.2 7.44 7.68
7.2 7.44 7.92
7.2 7.68 6.96
7.2 7.68 7.2
7.2 7.68 7.44
7.2 7.68 7.68
7.2 7.68 7.92
7.2 7.92 6.96
7.2 7.92 7.2
7.2 7.92 7.44
7.2 7.92 7.68
7.2 7.92 7.92
7.44 6.96 6.96
7.44 6.96 7.2
7.44 6.96 7.44
7.44 6.96 7.68
7.44 6.96 7.92
7.44 7.2 6.96
7.44 7.2 7.2
7.44 7.2 7.44
7.44 7.2 7.68
7.44 7.2 7.92
7.44 7.44 6.96
7.44 7.44 7.2
7.44 7.44 7.44
7.44 7.44 7.68
7.44 7.44 7.92
7.44 7.68 6.96
7.44 7.68 7.2
7.44 7.68 7.44
7.44 7.68 7.68
7.44 7.68 7.92
7.44 7.92 6.96
7.44 7.92 7.2
7.44 7.92 7.44
7.44 7.92 7.68
7.44 7.92 7.92
7.68 6.96 6.96
7.68 6.96 7.2
7.68 6.96 7.44
7.68 6.96 7.68
7.68 6.96 7.92
7.68 7.2 6.96
7.68 7.2 7.2
7.68 7.2 7.44
7.68 7.2 7.68
7.68 7.2 7.92
7.68 7.44 6.96
7.68 7.44 7.2
7.68 7.44 7.44
7.68 7.44 7.68
7.68 7.44 7.92
7.68 7.68 6.96
7.68 7.68 7.2
7.68 7.68 7.44
7.68 7.68 7.68
7.68 7.68 7.92
7.68 7.92 6.96
7.68 7.92 7.2
7.68 7.92 7.44
7.68 7.92 7.68
7.68 7.92 7.92
7.92 6.96 6.96
7.92 6.96 7.2
7.92 6.96 7.44
7.92 6.96 7.68
7.92 6.96 7.92
7.92 7.2 6.96
7.92 7.2 7.2
7.92 7.2 7.44
7.92 7.2 7.68
7.92 7.2 7.92
7.92 7.44 6.96
7.92 7.44 7.2
7.92 7.44 7.44
7.92 7.44 7.68
7.92 7.44 7.92
7.92 7.68 6.96
7.92 7.68 7.2
7.92 7.68 7.44
7.92 7.68 7.68
7.92 7.68 7.92
7.92 7.92 6.96
7.92 7.92 7.2
7.92 7.92 7.44
7.92 7.92 7.68
7.92 7.92 7.92
12.24 12.24 12.24
